server.port=8310

baidu.api.token=24.65652cb72f685cfe5ba9078193a6d657.2592000.1706359221.282335-45931453
